0000100011000000110010010100010
0011111100010000001000010010110
0010100011000000101001001000010
0010000010010100000000101001001
1000000110011100010100100000100
1000000011000111000100001000000
0000011000100000011010100101100
0000000001000000100000100000010
0010100100001000010000001101011
0100010010000000000000101001010
0000100101011010000100100100001
0001001000001000000010001001001
0000010000010000000100100010000
0110000000100010010000000010001
0001000000010101000101010000001
1000010010000010000001100001001
1110100000010101010010000100001
0000001100000010100010001001000
0000010000001010100000010100000
0001100010010000000010010110000
0011010100100011100000000001010
0100100100000100000000010111010
0000110000010001000110010110001
0000101100001000001100000010000
0000000010100000000010100000001
1000011010000100100010000000000
1001110000001000011000000000011
0000110100000100101100000010000
1001000000100000010000000000000
0001100000110000000100000001000
1000101000001000000000010001110
1000001001010111000100000011100
0001101000000100000000100100000
0000001000001110100011000000001
0100000011000000110000100001000
0010100100000110000100001001000
0010100000101101000001000001000
0000100000001000100000000011000
0100001001000000011000000010000
0010011000001000110110101000000
0110100001000000000000100000001
0000000100010010101100000110011
0011100001001011000000001101000
0000101001000001001010000010000
0010010100000000000000100100000
0000000101010000000001000000100
0001100101000100000011010000000
1000010100000000010001000010011
0100101000100000001010100001011
0100111010010100000100100000000
1010011011100000110000000001001
1000110001001100100100000000001
0100010010000000000000000000000
0001100111000000000001010001100
0000000000101000010100000000000
0010000100001001000010101000000
0100100000111000000100010001000
1011001001000000000100100001000
0000000010000001000100000000010
0010000010100110001010100011000
0010000000000010110010100101100
0000000000000011000101000000100
1010010000100011011100000000100
0100010010000000010000000011001
0000011001000100000101000000000
0100010001000011100010101001100
0000100000000010000111001100001
0100001000111100011000011110100
0010010000000100100000010101000
0000100001000000011001010000000
0010000100000000000110101100000
1001001000110110000101010111011
0001000100001010001100010000111
0000001100000000100000000010100
0000111110010011000000010100001
0000110010001110000100100000100
0010000000010010100000100001000
0010000100000010010001000000100
0001000001100010100110000010010
0001001000000011110110001000000
0000010010010110011000010010100
0010010011010101100100100010000
0001000000000010000000001000011
0110000011100000000000000010110
0001100000000000101010000001001
0100010101100001000010010000000
0100011101000010010010010000001
1001000000001110000000000010010
0010001000000101010000001111010
0001010000110100000100000110000
0001110010101000100000101110010
0101001000110000001000000000010
1100000100000001010011100010100
1101110000100000100000111010000
1000100110000101000100010000001
0000011010000000010111000000000
0100100101000000110100010100000
1001010000000011000000000001101
1000111001001111001010000000000
0010001000010001101000010000110
0000001010000000010000010010000
1000000000100010000010001001100
1000010000000001000101100111010
1000111000101101010000000000000
1010000100001000000100001010001
1100010110000001001010000100000
0000100010110000100000000000000
0000000001100000000001001100100
0000001100001010000001000000000
0010100000000000000100000010011
0000000000011000000010101000000
1100010000000011000000010100000
0000100010001000010100000011000
0001001010100000000010010100001
0110100010100000000010000011010
1010000010100000100000000000000
0010100100001000000000010011000
0001001000000000000000000001001
0000000000010000000000010001001
0000000000001000100000000000011
0010000110000001100000000000100
0010010010000100001100000011011
1100000000001001101101000100000
0000000000001001000000001110100
1110001101010000100001010000100
0001000000110001000000011110000
0000000100100101000001000000000
0000000011000000011000001000000
1010001011100001001000110000000
0001010000100111110100110100000
0010100110000000111000100000100
0010000000100100010001001011000
0000001001000000010000010000100
0000000100000000101000000011001
0101000001000000010000000110010
0010100001010111110000010001000
1001000000000000111000000010010
0000000011000000000100100011100
0100000000000011000100000100000
0100110010000100001000000010000
0000110000000000110000000000000
0110000000000100100100001000100
0001001001000000000000111100000
0000000000000100101100101011000
0000010000000010000101000000010
1110100101000100001100000000000
0000100000010001000011000000010
0000000101000101000100000000110
0000000000100000000100101100000
1100101000001101000000000000000
0000010000100000000000000001000
0001100001000000001101000010000
0000011000111000010100100000001
0000010100000000011000011100000
0100000110000001001100110001101
0100000000000000100000101000000
0110000001001001000000110000000
0000000100000000000000000010000
0001010001100000011110000000001
1000011111010100100100100010001
1101000100000001000010001000111
0001000000001000001000101100000
0011000010000000100001000000011
1000000100110001001101000001010
0011100000000101001000000001010
0001011100000000001000001010100
1011100000100010001001100111000
1000010100000101000000001000000
0000000010000000110000000100000
0000000000010001000000110000000
0000000000001000100001001000001
1010101000010000010100000000001
1011000100010010000110100000001
0001001000000100100011001100100
1000010000001010000011010010000
1000010011010000001010000010011
0100110000110000101000100010000
1010111000010100000000000010001
0101000010010000000000100001010
0000001001010000000000000001100
0010000001110100000000001011100
0000101101001000110010100010000
0000000000000010001100000001011
0100000000000100001000010110000
1001000010000010001000001100010
0000000001000101100000001000101
0000010000001000000000101001000
1100000000001010011000101010000
1100110100100100000101100001000
0000000011000010101000010000001
0101100010111000010000000001001
0000000000100001110010000000001
1010010100010000000100110000000
0010000100011100000000000000110
1001110000011110001001001000100
0000001001000111000000001110000
0010000010001000000010000111001
0100000000010101000010100000001
1010111010100000000000100000000
0000001001000000000100000000100
0000000000011010000000010100010
0000010100000011000000010000011
0001100010000000000001001000001
0000010011000011000110100101000
0001000100000000101000000110000
0000000010011001001000000110100
0101000001000001000000000001011
0100010100000000000010000001000
0000010001000000001000010010100
0001100001001000100000000000000
1000011010100000000000010000000
1001001000001100100000000110101
1100101000010000110000000111001
0101010000011100000101000000111
0000010010001110001000010100010
0110000000000000000000001100001
0100000100000000010000100000110
1000100001010001110000000101001
0001000000000000000001010000101
0110001010000000000000000000000
0110100000000100011000000000000
0100001000001000000000101100110
1000000100011001000000000110110
0000001000000100011110010110000
0111000010011000000101100000010
0010001000010010000000101000000
1000010001000000000000000001010
0000101010010001001000000010101
1010001100000001000001101000000
1000000000100000110011001000000
0000100110010000010010010100100
0000001010010101000010100000001
0110000001001000011000110010000
0010010000001000110010110000010
0010010000000101000010000010001
0000101000001110001000000010100
0010000110000011010000000011000
1000000000000000110000100000110
0100000000010000100011011101101
0101100100000000000001010100100
0100000100000000000000000110000
0011110000000001010000001010010
1000000010000000000101000000001
0101000110000010100000001000010
0010110100000001110000100001000
0100001100000000000001101010100
1010000010101010010000001100100
0000000000000100000000001010100
0001010000000000000101000110000
0000000100101000000010010100001
0000000000000100000000011100100
0101001000010000010010000010001
1000001000011001101001000000001
0011001110000011000010100100000
0010001100001000101000000000010
0001100110100000100001000000000
0010001000000001101001000000001
1000000000000010111000000101100
0100010000000010000000000010001
0011000000010100110110000001000
0001010001100001100100000000000
0100000011000000001000011000010
0000000001001000010001001101100
0000100101000100000001010110000
0001010000001010010010100001001
0000000100000000100000000011100
1010010100000000011000000000000
1100110010110011100010100010000
0100001010010001000010110000010
0101010100000000110001001010110
0100101001000000000001001000000
0010110100010000100000000010001
0000011000101000100010000100000
0010000000000101010000000110100
1010000000000001001000001001000
0010000000000011010110100001001
1001111000001000000000000100000
0110000001111101001000001000010
0001100101000000101001001000110
1000000000000000000001011000101
0001000000000000100000000000001
0000101100000000001000001000000
0000110011000010100000000000000
0000000000010000110100000100000
0000100000100001000010000001000
1000110000000010001000000001010
0000000010000011001011010010101
0000110000001100001000001100001
0001010000000011000000010001100
1000000110010101000011000000100
0010000000100000001100101100000
0100010001010000000000000110000
0000001010100000000011000100101
0000010011110000101100000000001
0001000101000010000010010000011
0000000001000000010000001110000
0000000011001100101010001110001
0100110100001000110000010101000
0000000011000100011001000000000
0000000001000000010110010001111
1000000100000100000000000000101
1100110101100000110000000000010
1000000000000010000000001000000
0001111010110010101011010000001
0010000011000010001000000000000
1000000000000001000000100011100
0010010100010110000000001100000
0010001100100000000100101100110
0000001110001001000010010111000
0001101101110000011010000000100
1000010011100100000001010100100
0011000000000000011001100011101
0101001000000000100000000001000
0000000001010000011000100100011
0000100100001111100100010010000
0001000001000001000101001010000
0100100000000000001000000011010
0001100000001010000011000000100
0000000000011001011001110001010
0000000000010000000000010001001
0010000101101001001000000000001
0010000011000100000010001000000
0001110111000001100000000001001
